74
9
0
21
12
9
0
21
13
9
0
21
11
9
0
21
10
9
0
20
10
9
0
20
14
9
0
19
15
9
0
19
17
9
0
18
15
9
0
17
15
9
0
16
15
9
0
15
15
9
0
15
14
9
0
16
14
9
0
16
13
9
0
14
14
9
0
13
13
9
0
12
12
9
0
12
11
9
0
11
12
9
0
10
12
9
0
10
11
9
0
10
10
9
0
10
9
9
0
9
9
9
0
13
10
9
0
14
10
9
0
15
10
9
0
16
10
9
0
16
11
9
0
17
9
9
0
18
9
9
0
19
9
9
0
20
9
10
1
14
15
10
1
13
14
10
1
12
13
10
3
21
9
10
2
21
14
10
2
20
15
10
4
16
9
10
4
12
10
9
0
9
15
9
0
9
16
9
0
8
15
9
0
5
15
9
0
4
15
9
0
4
16
9
0
3
15
9
0
3
16
9
0
3
17
9
0
3
18
9
0
3
19
9
0
3
20
9
0
4
19
9
0
5
19
9
0
5
20
9
0
4
20
9
0
6
20
9
0
7
20
9
0
8
20
9
0
9
20
9
0
9
19
9
0
9
18
9
0
4
13
9
0
3
13
9
0
3
12
9
0
3
10
9
0
3
9
9
0
4
9
5
0
6
12
5
0
17
12
0
0
14
13
1
0
16
16
