138
9
0
23
21
9
0
23
20
9
0
23
19
9
0
23
18
9
0
23
17
9
0
23
16
9
0
23
15
9
0
22
16
9
0
22
17
9
0
21
17
9
0
21
16
9
0
22
20
9
0
22
21
9
0
21
21
9
0
20
22
9
0
19
22
9
0
18
21
9
0
17
20
9
0
17
19
9
0
16
19
9
0
15
19
9
0
14
19
9
0
14
20
9
0
13
20
9
0
13
21
9
0
12
21
9
0
11
21
9
0
10
21
9
0
9
16
9
0
10
16
9
0
11
16
9
0
12
16
9
0
13
16
9
0
14
16
9
0
14
17
9
0
14
18
9
0
15
18
9
0
15
17
9
0
15
16
9
0
16
16
9
0
17
15
9
0
18
15
9
0
19
15
9
0
20
16
9
0
19
14
9
0
18
14
9
0
17
14
9
0
19
13
9
0
7
13
9
0
8
12
9
0
9
10
9
0
8
9
9
0
6
7
9
0
4
8
9
0
3
8
9
0
2
14
9
0
4
15
9
0
14
8
9
0
9
20
9
0
8
19
9
0
8
18
9
0
8
17
9
0
10
15
1
0
12
14
9
0
14
12
9
0
16
12
9
0
17
11
11
0
14
10
9
0
15
8
9
0
12
8
9
0
11
7
9
0
11
5
9
0
13
4
9
0
14
1
9
0
9
3
9
0
7
7
9
0
9
9
9
0
10
10
9
0
9
11
9
0
9
12
9
0
8
13
9
0
6
14
9
0
5
15
9
0
3
14
9
0
2
13
9
0
1
12
9
0
1
11
9
0
2
10
9
0
2
9
9
0
5
8
9
0
20
11
9
0
19
9
9
0
17
6
9
0
17
4
9
0
18
3
9
0
18
2
9
0
21
5
9
0
21
6
9
0
23
7
9
0
22
2
10
1
9
21
10
1
8
20
10
1
3
15
10
1
1
13
10
1
13
17
10
1
19
16
10
1
18
22
10
1
17
21
10
1
16
20
10
4
1
10
10
4
2
8
10
4
5
7
10
4
6
13
10
4
5
14
10
4
8
16
10
4
16
15
10
4
12
20
10
3
10
20
10
3
20
15
10
3
4
14
10
3
8
7
10
3
14
7
10
3
9
19
10
2
21
22
10
2
9
17
10
2
17
16
10
2
6
15
10
2
7
14
10
2
9
13
10
2
14
13
10
2
14
21
8
0
18
17
8
0
18
7
3
0
6
10
3
0
20
19
7
0
11
19
7
0
4
12
0
0
11
18
