61
0
0
3
15
13
0
3
17
13
0
4
17
13
0
5
17
13
0
5
18
13
0
5
19
13
0
3
19
13
0
3
18
13
0
3
20
13
0
4
20
13
0
5
20
13
0
7
20
13
0
8
20
13
0
9
20
13
0
9
19
13
0
8
19
13
0
7
19
13
0
7
18
13
0
8
18
13
0
7
17
13
0
9
17
13
0
11
20
13
0
11
19
13
0
11
18
13
0
11
17
13
0
12
17
13
0
13
17
13
0
13
18
13
0
13
19
13
0
12
19
13
0
12
20
13
0
15
20
13
0
15
19
13
0
15
18
13
0
15
17
13
0
16
17
13
0
17
17
13
0
17
18
13
0
17
19
13
0
17
20
13
0
16
20
13
0
19
20
13
0
19
19
13
0
20
18
13
0
19
17
13
0
21
17
13
0
21
19
13
0
21
20
1
0
23
17
5
0
21
15
5
0
3
11
9
0
5
12
9
0
7
9
9
0
10
8
9
0
13
9
9
0
15
7
9
0
17
8
9
0
20
10
14
0
16
11
14
0
12
12
14
0
8
13
