105
9
0
24
8
9
0
23
8
9
0
22
8
9
0
21
8
9
0
20
8
9
0
24
7
9
0
23
7
9
0
22
7
9
0
21
7
9
0
21
10
9
0
22
10
9
0
23
10
9
0
24
10
9
0
24
12
9
0
23
12
9
0
22
12
9
0
21
12
9
0
21
14
9
0
22
14
9
0
23
14
9
0
24
14
9
0
21
15
9
0
20
16
9
0
21
16
9
0
22
16
9
0
23
16
9
0
24
16
9
0
21
17
9
0
22
17
9
0
23
17
9
0
24
17
13
0
20
14
13
0
20
12
13
0
20
10
10
4
20
7
9
0
18
13
9
0
17
11
11
0
16
10
10
1
16
13
14
0
15
13
11
0
14
15
11
0
10
15
14
0
9
13
10
2
8
13
11
0
8
10
9
0
7
11
9
0
6
13
13
0
4
14
13
0
4
12
13
0
4
10
9
0
3
14
9
0
2
14
9
0
1
14
9
0
0
14
9
0
3
12
9
0
2
12
9
0
1
12
9
0
0
12
9
0
3
10
9
0
2
10
9
0
1
10
9
0
0
10
9
0
3
15
9
0
3
16
9
0
4
16
9
0
2
16
9
0
1
16
9
0
0
16
9
0
0
17
9
0
1
17
9
0
2
17
9
0
3
17
9
0
4
8
9
0
3
8
9
0
2
8
9
0
1
8
9
0
0
8
9
0
0
7
9
0
1
7
9
0
2
7
9
0
3
7
10
3
4
7
10
1
20
17
10
2
4
17
9
0
13
17
9
0
11
18
9
0
10
19
9
0
9
19
9
0
8
19
9
0
7
18
9
0
14
18
9
0
15
18
9
0
16
18
9
0
17
17
9
0
15
8
9
0
9
8
9
0
11
7
9
0
13
7
13
0
13
8
13
0
11
8
11
0
12
8
9
0
12
11
13
0
12
15
1
0
12
18
0
0
12
14
