51
1
0
12
19
0
0
12
15
9
0
14
15
9
0
14
14
9
0
14
13
9
0
10
15
9
0
10
14
9
0
10
13
9
0
9
16
9
0
8
16
9
0
15
16
9
0
16
16
9
0
15
12
9
0
16
12
9
0
9
12
9
0
8
12
10
1
14
16
10
1
7
16
10
2
10
16
10
2
17
16
10
3
17
12
10
3
10
12
10
4
14
12
10
4
7
12
9
0
20
18
9
0
18
19
9
0
19
14
9
0
19
13
13
0
15
15
13
0
16
15
13
0
17
15
13
0
17
14
13
0
16
14
13
0
15
14
13
0
15
13
13
0
16
13
13
0
17
13
13
0
9
15
13
0
8
15
13
0
7
15
13
0
7
14
13
0
8
14
13
0
9
14
13
0
9
13
13
0
8
13
13
0
7
13
9
0
5
14
9
0
4
18
9
0
4
10
9
0
6
8
9
0
13
9
